0
24.2332
14.4594
25.2293
21.3304
14.1715
12.7098
18.8573
5.57589
17.1363
5.77932
18.4859
24.5333
13.0079
30.6308
5.2142
27.9275
28.418
19.0138
12.1535
18.0534
16.7254
11.9972
22.2708
18.0569
14.37
26.147
12.6153
18.1771
7.89597
20.0782
15.711
21.0167
19.5966
11.0771
9.94347
29.1823
27.397
12.8999
18.7633
22.4295
17.3929
21.7816
13.6774
15.7576
11.9814
17.6969
14.0708
16.2104
10.3392
24.2332
0
16.6187
12.4672
3.64466
28.0415
23.491
17.7201
24.7864
7.14439
19.4168
20.941
6.57231
17.5313
11.1339
20.3294
11.376
12.3979
8.26977
17.1469
19.6683
28.434
18.526
8.3585
14.9694
10.8968
14.4314
13.4785
9.76189
18.154
14.9718
18.6776
18.3054
15.9817
22.1996
15.8981
5.5773
7.39166
22.1861
16.3118
5.85403
7.76837
4.1974
15.2013
9.05902
23.7823
10.5774
15.2019
14.1478
16.0109
14.4594
16.6187
0
24.7047
15.7608
26.149
22.7327
23.4814
18.6133
11.0368
8.90588
25.1678
13.2893
1.56934
18.1902
14.4343
25.6878
15.1068
17.0173
2.30938
24.1124
28.0393
18.8248
10.3755
21.1082
13.6099
26.4238
4.94112
17.3678
14.615
5.74468
21.8099
25.3314
22.9275
6.2675
14.1533
19.5605
15.9652
22.0635
22.5265
18.643
9.16831
16.8392
1.91207
8.59464
7.54038
17.5487
1.64558
18.9894
4.95984
25.2293
12.4672
24.7047
0
10.2402
22.0884
17.9804
9.17706
22.9596
13.8671
22.7662
12.3446
18.8871
24.9259
23.4062
20.0813
3.62877
24.8518
7.70254
24.1028
11.3876
21.2972
14.4292
19.9744
7.90576
11.9224
1.97592
20.0169
7.67208
17.3634
25.4264
12.0323
8.33014
7.29775
28.4674
15.311
16.6376
19.8186
16.658
8.15921
6.95826
16.1509
9.06592
22.8442
16.2031
30.1952
7.84457
23.0602
9.19561
21.6487
21.3304
3.64466
15.7608
10.2402
0
24.4079
19.8552
14.2529
21.4375
4.94714
16.9329
17.411
8.94305
16.3844
14.3911
17.1146
10.1912
15.0381
4.69248
15.8013
16.1317
24.7906
14.9036
9.73954
11.4571
7.45021
12.2002
11.8052
6.16528
14.8013
15.4263
15.0569
15.0085
12.5962
20.7199
12.499
9.21615
10.5111
18.546
12.8506
3.30202
6.61071
1.1972
14.0896
7.33452
22.3887
6.96997
14.191
10.5262
14.1109
14.1715
28.0415
26.149
22.0884
24.4079
0
4.55569
12.9479
8.59625
22.6461
17.7394
10.1665
31.4091
25.0621
37.7262
11.7584
25.6638
36.821
20.0451
24.0057
10.8265
2.76992
9.53463
30.2103
14.5072
17.493
21.8895
22.2751
18.5802
11.8316
30.8808
10.1867
14.3318
14.7907
24.7051
13.2581
33.6188
33.8989
5.89296
13.9419
23.4854
24.2933
24.1332
24.6831
22.8225
25.8784
17.7627
25.1087
14.2983
21.2049
12.7098
23.491
22.7327
17.9804
19.8552
4.55569
0
9.06089
7.59487
18.2395
14.9252
6.95828
26.9983
21.8015
33.287
8.88672
21.4878
32.5231
15.4955
20.7217
7.20036
5.44829
5.01816
25.9286
10.1977
13.0227
17.997
18.5052
14.036
8.12023
27.0977
5.94817
10.784
10.739
22.1772
9.10917
29.0681
29.4377
1.36927
9.84345
18.9578
19.9948
19.5782
21.1258
18.5848
23.538
13.2213
21.5438
9.79412
17.7814
18.8573
17.7201
23.4814
9.17706
14.2529
12.9479
9.06089
0
15.2308
14.9618
18.3464
3.36813
22.8708
23.1125
28.6335
13.737
12.7881
28.9115
9.5913
22.0853
2.24014
12.1438
6.87336
22.7792
2.84349
10.1892
8.96823
18.5665
8.20181
11.3183
26.2149
3.35625
2.16749
1.96764
25.2845
10.1685
23.0351
24.7366
7.83155
1.40858
12.1516
17.2933
13.5229
21.5947
16.4567
26.9268
7.48629
21.9397
4.5948
19.1249
5.57589
24.7864
18.6133
22.9596
21.4375
8.59625
7.59487
15.2308
0
18.1562
9.7705
14.0947
26.497
17.337
32.8211
4.73321
26.0929
31.1748
18.0829
16.345
13.9436
11.1633
8.60627
24.6812
15.1898
13.9942
23.5014
15.5642
16.9121
6.63904
23.8673
11.8859
17.2881
16.404
16.3102
8.94414
30.1557
29.2554
8.12105
15.4991
21.7091
19.1165
21.5888
17.4278
17.4788
17.3828
16.2473
17.8509
13.7873
13.878
17.1363
7.14439
11.0368
13.8671
4.94714
22.6461
18.2395
14.9618
18.1562
0
12.2868
17.6137
8.76383
11.5287
15.0883
13.5306
14.6511
14.3965
6.3952
10.8933
16.3596
23.5612
13.2597
7.93859
12.1704
5.30176
15.6904
6.86279
7.21284
11.6562
11.7592
14.6419
16.321
13.7728
15.7775
9.60909
12.1117
11.3065
17.0747
13.6921
7.61025
2.41543
5.90277
9.27635
2.45236
17.4526
7.70068
9.42147
10.4812
9.17945
5.77932
19.4168
8.90588
22.7662
16.9329
17.7394
14.9252
18.3464
9.7705
12.2868
0
19.0163
18.9801
7.57504
24.9662
6.0714
24.9205
22.6552
15.6314
6.60935
18.2317
19.9033
12.158
16.5964
16.7315
10.9572
24.039
6.91563
15.179
7.35203
14.3876
15.7681
20.4675
18.5035
7.29977
8.19636
24.019
21.8551
14.5741
17.8254
18.6481
12.089
17.5963
7.94243
10.5234
8.78511
14.9234
8.34665
14.6055
4.56032
18.4859
20.941
25.1678
12.3446
17.411
10.1665
6.95828
3.36813
14.0947
17.6137
19.0163
0
25.8384
24.6141
31.737
13.6843
15.9733
31.8162
12.7197
23.5507
1.28336
8.99446
6.86772
25.5309
5.97287
12.5238
11.8694
20.3633
11.2699
11.6824
28.4228
3.36402
4.19778
5.32404
26.2147
11.1829
26.3191
27.828
6.03388
4.73097
15.467
19.85
16.7486
23.334
18.8394
27.7792
10.4986
23.7082
7.16063
20.5293
24.5333
6.57231
13.2893
18.8871
8.94305
31.4091
26.9983
22.8708
26.497
8.76383
18.9801
25.8384
0
14.6078
6.35979
21.7746
17.947
6.10039
13.3411
14.6246
24.5578
32.2946
22.0062
2.95683
20.029
14.0045
20.8624
12.1135
14.6725
20.2155
9.76646
23.1041
23.8334
21.3557
19.4964
18.2993
6.56292
2.87559
25.8191
21.4993
12.0095
7.38088
9.99062
12.5024
9.0206
20.8297
15.3894
12.3222
18.7045
14.6893
13.0079
17.5313
1.56934
24.9259
16.3844
25.0621
21.8015
23.1125
17.337
11.5287
7.57504
24.6141
14.6078
0
19.6752
13.3081
26.1185
16.6504
17.2239
1.08395
23.6049
27.0399
18.1092
11.7336
20.8539
13.4986
26.5826
4.9119
17.4412
13.7197
7.30497
21.2501
25.0303
22.6858
4.89005
13.4825
20.7617
17.3358
21.2036
22.2292
19.1205
9.89137
17.4133
2.33198
9.08047
6.31418
17.549
2.35726
18.7032
4.10541
30.6308
11.1339
18.1902
23.4062
14.3911
37.7262
33.287
28.6335
32.8211
15.0883
24.9662
31.737
6.35979
19.6752
0
28.092
21.6665
3.98576
19.0447
19.9247
30.4539
38.5379
28.2796
8.36985
25.8196
20.2671
25.3304
18.0507
20.4703
26.5738
13.3043
29.1659
29.3732
26.9853
24.4376
24.6544
7.28301
3.91256
32.0843
27.2351
16.9879
13.7206
15.2272
17.8529
15.3455
25.5465
21.2389
17.5869
24.6894
20.5207
5.2142
20.3294
14.4343
20.0813
17.1146
11.7584
8.88672
13.737
4.73321
13.5306
6.0714
13.6843
21.7746
13.3081
28.092
0
22.8867
26.4573
14.2291
12.2575
13.1122
13.842
6.94719
19.9506
12.8434
9.7844
20.9506
10.9608
13.2513
2.71891
19.4223
10.6998
15.9036
14.3983
13.2911
4.93769
25.6024
24.5453
8.65152
13.5764
17.7713
14.3966
17.3918
13.0653
12.7542
14.6614
12.703
13.4923
11.0071
9.53212
27.9275
11.376
25.6878
3.62877
10.1912
25.6638
21.4878
12.7881
26.0929
14.6511
24.9205
15.9733
17.947
26.1185
21.6665
22.8867
0
23.6224
9.30966
25.3986
15.0073
24.9199
17.6928
19.5267
11.3197
13.9668
4.66143
21.2891
9.81455
20.1783
25.5991
15.5482
11.9431
10.8836
30.0465
17.9941
14.5485
18.3679
20.1491
11.7219
7.05924
16.6906
9.0142
23.9096
17.0957
31.7648
10.2343
24.0688
12.3267
23.2196
28.418
12.3979
15.1068
24.8518
15.0381
36.821
32.5231
28.9115
31.1748
14.3965
22.6552
31.8162
6.10039
16.6504
3.98576
26.4573
23.6224
0
19.4224
17.0516
30.5404
37.9024
27.5998
6.61273
26.068
19.6978
26.8211
15.8371
20.7278
25.2674
9.79857
28.9834
29.9204
27.432
21.2412
23.5729
10.1055
5.34929
31.4085
27.551
18.0496
12.5327
16.0656
15.0811
14.0111
22.2149
21.4253
14.7611
24.6601
18.1076
19.0138
8.26977
17.0173
7.70254
4.69248
20.0451
15.4955
9.5913
18.0829
6.3952
15.6314
12.7197
13.3411
17.2239
19.0447
14.2291
9.30966
19.4224
0
16.4091
11.4399
20.2478
10.688
13.5675
6.77601
4.72
9.41151
12.3164
1.49864
11.6333
18.1489
10.4207
10.4991
8.01509
20.8639
9.30996
13.7687
15.1456
14.1527
8.19797
3.637
8.78822
4.14142
15.1482
8.59713
22.59
2.32295
15.3719
5.90025
14.0278
12.1535
17.1469
2.30938
24.1028
15.8013
24.0057
20.7217
22.0853
16.345
10.8933
6.60935
23.5507
14.6246
1.08395
19.9247
12.2575
25.3986
17.0516
16.4091
0
22.5492
25.968
17.0295
11.8173
19.8583
12.563
25.7297
4.11226
16.5666
12.6366
7.98117
20.1869
24.0186
21.6921
5.06154
12.4088
20.6247
17.408
20.1201
21.2205
18.4404
9.42138
16.7954
2.12219
8.46768
6.64209
16.6447
2.34001
17.7009
3.0287
18.0534
19.6683
24.1124
11.3876
16.1317
10.8265
7.20036
2.24014
13.9436
16.3596
18.2317
1.28336
24.5578
23.6049
30.4539
13.1122
15.0073
30.5404
11.4399
22.5492
0
9.91385
6.18422
24.2691
4.70591
11.3066
11.0671
19.2736
9.9876
10.9533
27.2524
2.46454
3.58863
4.20393
25.368
10.2534
25.0594
26.5447
6.09794
3.52933
14.2237
18.6109
15.478
22.263
17.627
26.9584
9.21536
22.6307
5.89205
19.5378
16.7254
28.434
28.0393
21.2972
24.7906
2.76992
5.44829
12.1438
11.1633
23.5612
19.9033
8.99446
32.2946
27.0399
38.5379
13.842
24.9199
37.9024
20.2478
25.968
9.91385
0
10.3057
31.3228
14.1492
18.2902
20.8613
23.9182
18.7528
13.4794
32.5216
9.92191
13.1733
14.0864
27.0115
14.5572
33.9893
34.6613
6.49398
13.3202
23.5105
25.389
24.3866
26.4815
24.0057
28.2539
17.9268
26.9028
14.3602
23.0795
11.9972
18.526
18.8248
14.4292
14.9036
9.53463
5.01816
6.87336
8.60627
13.2597
12.158
6.86772
22.0062
18.1092
28.2796
6.94719
17.6928
27.5998
10.688
17.0295
6.18422
10.3057
0
21.0294
6.59072
8.01245
14.8988
14.2462
9.2828
4.81507
22.6973
3.75334
9.0245
7.83048
19.3899
4.68128
24.1018
24.4239
3.81509
6.94038
14.2512
15.0995
14.6941
17.0777
13.7579
20.9332
8.49757
17.4772
5.40644
14.0042
22.2708
8.3585
10.3755
19.9744
9.73954
30.2103
25.9286
22.7792
24.6812
7.93859
16.5964
25.5309
2.95683
11.7336
8.36985
19.9506
19.5267
6.61273
13.5675
11.8173
24.2691
31.3228
21.0294
0
19.9512
13.2048
21.9382
9.68083
14.7258
18.6713
6.94047
22.5803
23.9794
21.4452
16.6121
16.9603
9.47298
5.60256
24.8305
21.4626
13.0184
5.9345
10.9085
9.70162
7.39909
17.9116
15.3486
9.49023
18.3787
12.1653
18.0569
14.9694
21.1082
7.90576
11.4571
14.5072
10.1977
2.84349
15.1898
12.1704
16.7315
5.97287
20.029
20.8539
25.8196
12.8434
11.3197
26.068
6.77601
19.8583
4.70591
14.1492
6.59072
19.9512
0
7.59416
8.3119
16.1685
5.36489
10.2099
23.5587
4.32142
4.2597
1.83537
23.3839
8.59136
20.3543
21.9177
8.8461
1.52211
9.54077
14.5257
10.7759
19.2039
13.7624
25.0658
4.64281
19.5293
2.17537
16.9704
14.37
10.8968
13.6099
11.9224
7.45021
17.493
13.0227
10.1892
13.9942
5.30176
10.9572
12.5238
14.0045
13.4986
20.2671
9.7844
13.9668
19.6978
4.72
12.563
11.3066
18.2902
8.01245
13.2048
7.59416
0
13.364
8.67831
4.25752
7.36668
16.0275
9.42082
11.8535
9.37756
16.6169
5.05095
16.4011
16.4154
11.8197
9.07453
8.06132
7.37039
7.62145
11.698
6.32083
18.3415
4.1475
12.0028
5.59444
9.86876
26.147
14.4314
26.4238
1.97592
12.2002
21.8895
17.997
8.96823
23.5014
15.6904
24.039
11.8694
20.8624
26.5826
25.3304
20.9506
4.66143
26.8211
9.41151
25.7297
11.0671
20.8613
14.8988
21.9382
8.3119
13.364
0
21.671
9.17992
18.2512
27.3164
12.1041
7.69419
7.28457
29.9759
16.3252
18.4903
21.7698
16.7235
8.19878
8.92712
18.0075
11.0312
24.547
17.9855
31.7018
9.22167
24.7782
9.94569
23.1901
12.6153
13.4785
4.94112
20.0169
11.8052
22.2751
18.5052
18.5665
15.5642
6.86279
6.91563
20.3633
12.1135
4.9119
18.0507
10.9608
21.2891
15.8371
12.3164
4.11226
19.2736
23.9182
14.2462
9.68083
16.1685
8.67831
21.671
0
12.5377
10.4636
8.61192
17.0225
20.3966
17.9867
8.91498
9.57636
17.5105
14.9879
17.6967
17.5922
14.3491
5.72831
12.7563
3.03556
4.50531
10.5917
12.6689
3.37323
14.0553
2.62606
18.1771
9.76189
17.3678
7.67208
6.16528
18.5802
14.036
8.20181
16.9121
7.21284
15.179
11.2699
14.6725
17.4412
20.4703
13.2513
9.81455
20.7278
1.49864
16.5666
9.9876
18.7528
9.2828
14.7258
5.36489
4.25752
9.17992
12.5377
0
10.5934
18.9324
8.92266
9.2547
6.7282
20.8129
8.31418
15.2672
16.5639
12.6874
6.82685
4.96898
9.62769
5.63962
15.47
9.20065
22.5402
0.826039
15.7271
4.40176
14.0129
7.89597
18.154
14.615
17.3634
14.8013
11.8316
8.12023
11.3183
6.63904
11.6562
7.35203
11.6824
20.2155
13.7197
26.5738
2.71891
20.1783
25.2674
11.6333
12.6366
10.9533
13.4794
4.81507
18.6713
10.2099
7.36668
18.2512
10.4636
10.5934
0
19.0755
8.49239
13.4814
11.8235
14.6154
2.33871
23.5536
22.8972
7.48663
11.0335
15.2187
12.8749
14.98
13.0104
11.2959
16.1352
10.0188
13.4298
8.31646
9.67019
20.0782
14.9718
5.74468
25.4264
15.4263
30.8808
27.0977
26.2149
23.8673
11.7592
14.3876
28.4228
9.76646
7.30497
13.3043
19.4223
25.5991
9.79857
18.1489
7.98117
27.2524
32.5216
22.6973
6.94047
23.5587
16.0275
27.3164
8.61192
18.9324
19.0755
0
25.1622
27.8038
25.2775
11.55
18.0817
16.3268
11.9261
26.2499
25.0646
18.6799
9.36152
16.6184
6.46291
9.81017
12.4328
19.3445
6.04864
21.6206
9.99483
15.711
18.6776
21.8099
12.0323
15.0569
10.1867
5.94817
3.35625
11.8859
14.6419
15.7681
3.36402
23.1041
21.2501
29.1659
10.6998
15.5482
28.9834
10.4207
20.1869
2.46454
9.92191
3.75334
22.5803
4.32142
9.42082
12.1041
17.0225
8.92266
8.49239
25.1622
0
5.411
4.82065
22.9163
7.83183
24.1889
25.2556
4.63402
3.91191
13.5941
16.7905
14.5576
19.9822
15.6873
24.5007
8.10232
20.3591
4.53077
17.1661
21.0167
18.3054
25.3314
8.33014
15.0085
14.3318
10.784
2.16749
17.2881
16.321
20.4675
4.19778
23.8334
25.0303
29.3732
15.9036
11.9431
29.9204
10.4991
24.0186
3.58863
13.1733
9.0245
23.9794
4.2597
11.8535
7.69419
20.3966
9.2547
13.4814
27.8038
5.411
0
2.54829
27.3474
12.276
23.4177
25.5137
9.64698
2.80514
12.5376
18.7037
14.1494
23.4319
17.9991
29.0021
8.64816
23.7635
6.34209
21.0893
19.5966
15.9817
22.9275
7.29775
12.5962
14.7907
10.739
1.96764
16.404
13.7728
18.5035
5.32404
21.3557
22.6858
26.9853
14.3983
10.8836
27.432
8.01509
21.6921
4.20393
14.0864
7.83048
21.4452
1.83537
9.37756
7.28457
17.9867
6.7282
11.8235
25.2775
4.82065
2.54829
0
25.2059
10.3307
21.2181
23.1067
9.44778
0.918625
10.3157
16.1566
11.7953
21.0212
15.469
26.884
6.10416
21.3429
4.00768
18.8058
11.0771
22.1996
6.2675
28.4674
20.7199
24.7051
22.1772
25.2845
16.3102
15.7775
7.29977
26.2147
19.4964
4.89005
24.4376
13.2911
30.0465
21.2412
20.8639
5.06154
25.368
27.0115
19.3899
16.6121
23.3839
16.6169
29.9759
8.91498
20.8129
14.6154
11.55
22.9163
27.3474
25.2059
0
15.1521
25.631
22.2119
21.8678
24.6146
23.202
14.4545
21.6654
7.10836
13.4024
1.72778
20.7644
7.21612
21.2112
6.83701
9.94347
15.8981
14.1533
15.311
12.499
13.2581
9.10917
10.1685
8.94414
9.60909
8.19636
11.1829
18.2993
13.4825
24.6544
4.93769
17.9941
23.5729
9.30996
12.4088
10.2534
14.5572
4.68128
16.9603
8.59136
5.05095
16.3252
9.57636
8.31418
2.33871
18.0817
7.83183
12.276
10.3307
15.1521
0
21.3438
20.9106
8.17799
9.63284
12.8844
11.0621
12.6508
12.3969
9.56613
16.7746
7.77993
12.796
6.52778
9.38027
29.1823
5.5773
19.5605
16.6376
9.21615
33.6188
29.0681
23.0351
30.1557
12.1117
24.019
26.3191
6.56292
20.7617
7.28301
25.6024
14.5485
10.1055
13.7687
20.6247
25.0594
33.9893
24.1018
9.47298
20.3543
16.4011
18.4903
17.5105
15.2672
23.5536
16.3268
24.1889
23.4177
21.2181
25.631
21.3438
0
4.94456
27.7618
21.6296
10.9035
11.9361
9.63257
18.5301
13.5016
27.0627
16.0898
18.4166
19.6675
20.1346
27.397
7.39166
15.9652
19.8186
10.5111
33.8989
29.4377
24.7366
29.2554
11.3065
21.8551
27.828
2.87559
17.3358
3.91256
24.5453
18.3679
5.34929
15.1456
17.408
26.5447
34.6613
24.4239
5.60256
21.9177
16.4154
21.7698
14.9879
16.5639
22.8972
11.9261
25.2556
25.5137
23.1067
22.2119
20.9106
4.94456
0
28.2212
23.3407
13.2213
10.1568
11.3887
15.2883
11.8094
23.4916
17.3294
15.0873
20.7769
17.5589
12.8999
22.1861
22.0635
16.658
18.546
5.89296
1.36927
7.83155
8.12105
17.0747
14.5741
6.03388
25.8191
21.2036
32.0843
8.65152
20.1491
31.4085
14.1527
20.1201
6.09794
6.49398
3.81509
24.8305
8.8461
11.8197
16.7235
17.6967
12.6874
7.48663
26.2499
4.63402
9.64698
9.44778
21.8678
8.17799
27.7618
28.2212
0
8.54374
17.5997
18.8974
18.247
20.4024
17.5281
23.289
11.8703
20.8149
8.42818
17.139
18.7633
16.3118
22.5265
8.15921
12.8506
13.9419
9.84345
1.40858
15.4991
13.6921
17.8254
4.73097
21.4993
22.2292
27.2351
13.5764
11.7219
27.551
8.19797
21.2205
3.52933
13.3202
6.94038
21.4626
1.52211
9.07453
8.19878
17.5922
6.82685
11.0335
25.0646
3.91191
2.80514
0.918625
24.6146
9.63284
21.6296
23.3407
8.54374
0
10.7516
16.0476
12.1146
20.6273
15.2744
26.2809
6.1323
20.9599
3.53714
18.3006
22.4295
5.85403
18.643
6.95826
3.30202
23.4854
18.9578
12.1516
21.7091
7.61025
18.6481
15.467
12.0095
19.1205
16.9879
17.7713
7.05924
18.0496
3.637
18.4404
14.2237
23.5105
14.2512
13.0184
9.54077
8.06132
8.92712
14.3491
4.96898
15.2187
18.6799
13.5941
12.5376
10.3157
23.202
12.8844
10.9035
13.2213
17.5997
10.7516
0
9.63714
2.11297
16.8846
10.0613
24.9057
5.75874
17.0314
9.19816
16.4271
17.3929
7.76837
9.16831
16.1509
6.61071
24.2933
19.9948
17.2933
19.1165
2.41543
12.089
19.85
7.38088
9.89137
13.7206
14.3966
16.6906
12.5327
8.78822
9.42138
18.6109
25.389
15.0995
5.9345
14.5257
7.37039
18.0075
5.72831
9.62769
12.8749
9.36152
16.7905
18.7037
16.1566
14.4545
11.0621
11.9361
10.1568
18.8974
16.0476
9.63714
0
7.72396
7.56645
1.65591
16.0632
10.104
7.62984
12.766
8.3059
21.7816
4.1974
16.8392
9.06592
1.1972
24.1332
19.5782
13.5229
21.5888
5.90277
17.5963
16.7486
9.99062
17.4133
15.2272
17.3918
9.0142
16.0656
4.14142
16.7954
15.478
24.3866
14.6941
10.9085
10.7759
7.62145
11.0312
12.7563
5.63962
14.98
16.6184
14.5576
14.1494
11.7953
21.6654
12.6508
9.63257
11.3887
18.247
12.1146
2.11297
7.72396
0
15.1359
8.33609
23.348
6.46437
15.2533
10.0414
14.9854
13.6774
15.2013
1.91207
22.8442
14.0896
24.6831
21.1258
21.5947
17.4278
9.27635
7.94243
23.334
12.5024
2.33198
17.8529
13.0653
23.9096
15.0811
15.1482
2.12219
22.263
26.4815
17.0777
9.70162
19.2039
11.698
24.547
3.03556
15.47
13.0104
6.46291
19.9822
23.4319
21.0212
7.10836
12.3969
18.5301
15.2883
20.4024
20.6273
16.8846
7.56645
15.1359
0
6.82406
8.61079
15.6418
0.42712
17.0903
3.5522
15.7576
9.05902
8.59464
16.2031
7.33452
22.8225
18.5848
16.4567
17.4788
2.45236
10.5234
18.8394
9.0206
9.08047
15.3455
12.7542
17.0957
14.0111
8.59713
8.46768
17.627
24.0057
13.7579
7.39909
13.7624
6.32083
17.9855
4.50531
9.20065
11.2959
9.81017
15.6873
17.9991
15.469
13.4024
9.56613
13.5016
11.8094
17.5281
15.2744
10.0613
1.65591
8.33609
6.82406
0
15.0605
9.55982
6.97318
11.8743
6.96247
11.9814
23.7823
7.54038
30.1952
22.3887
25.8784
23.538
26.9268
17.3828
17.4526
8.78511
27.7792
20.8297
6.31418
25.5465
14.6614
31.7648
22.2149
22.59
6.64209
26.9584
28.2539
20.9332
17.9116
25.0658
18.3415
31.7018
10.5917
22.5402
16.1352
12.4328
24.5007
29.0021
26.884
1.72778
16.7746
27.0627
23.4916
23.289
26.2809
24.9057
16.0632
23.348
8.61079
15.0605
0
22.4888
8.67103
22.8952
8.56231
17.6969
10.5774
17.5487
7.84457
6.96997
17.7627
13.2213
7.48629
16.2473
7.70068
14.9234
10.4986
15.3894
17.549
21.2389
12.703
10.2343
21.4253
2.32295
16.6447
9.21536
17.9268
8.49757
15.3486
4.64281
4.1475
9.22167
12.6689
0.826039
10.0188
19.3445
8.10232
8.64816
6.10416
20.7644
7.77993
16.0898
17.3294
11.8703
6.1323
5.75874
10.104
6.46437
15.6418
9.55982
22.4888
0
15.916
3.57782
14.0066
14.0708
15.2019
1.64558
23.0602
14.191
25.1087
21.5438
21.9397
17.8509
9.42147
8.34665
23.7082
12.3222
2.35726
17.5869
13.4923
24.0688
14.7611
15.3719
2.34001
22.6307
26.9028
17.4772
9.49023
19.5293
12.0028
24.7782
3.37323
15.7271
13.4298
6.04864
20.3591
23.7635
21.3429
7.21612
12.796
18.4166
15.0873
20.8149
20.9599
17.0314
7.62984
15.2533
0.42712
6.97318
8.67103
15.916
0
17.4235
3.97723
16.2104
14.1478
18.9894
9.19561
10.5262
14.2983
9.79412
4.5948
13.7873
10.4812
14.6055
7.16063
18.7045
18.7032
24.6894
11.0071
12.3267
24.6601
5.90025
17.7009
5.89205
14.3602
5.40644
18.3787
2.17537
5.59444
9.94569
14.0553
4.40176
8.31646
21.6206
4.53077
6.34209
4.00768
21.2112
6.52778
19.6675
20.7769
8.42818
3.53714
9.19816
12.766
10.0414
17.0903
11.8743
22.8952
3.57782
17.4235
0
14.8015
10.3392
16.0109
4.95984
21.6487
14.1109
21.2049
17.7814
19.1249
13.878
9.17945
4.56032
20.5293
14.6893
4.10541
20.5207
9.53212
23.2196
18.1076
14.0278
3.0287
19.5378
23.0795
14.0042
12.1653
16.9704
9.86876
23.1901
2.62606
14.0129
9.67019
9.99483
17.1661
21.0893
18.8058
6.83701
9.38027
20.1346
17.5589
17.139
18.3006
16.4271
8.3059
14.9854
3.5522
6.96247
8.56231
14.0066
3.97723
14.8015
0
