409154
409151
409277
409260
409240
409213
409199
409174
409469
409378
409378
409351
409328
409275
409289
409272
409208
409754
409609
409565
409577
409515
409478
409442
409442
409408
409344
409398
409638
409683
409670
409620
409688
409624
409570
409541
409512
409158
408777
408731
408808
408840
408932
408897
409050
409033
408906
409262
409090
409020
409262
409210
409109
409192
409298
409302
409264
409372
409426
409452
409553
409434
409479
409517
409539
409038
409167
408778
409411
409822
409811
409765
409812
409792
409837
409711
409969
409944
410041
409946
410015
410067
410073
409645
410120
409875
410180
410244
410224
409573
409575
409553
409546
409701
409691
409680
409667
409657
409858
409795
409788
409768
409900
409863
410006
410003
410006
410120
410099
410234
410205
410213
410212
410320
410324
410140
409026
408906
408791
409016
408946
409160
409102
409007
408951
409261
409213
409150
409057
409174
409136
409322
409372
409286
409355
409456
409442
409429
408796
408951
409662
409591
409610
409684
409830
409738
409700
409732
409718
409810
409892
409968
409770
409819
409812
409823
409798
409939
409972
409920
409971
410079
410064
410157
409962
410042
410197
410307
410389
409789
409837
409917
410012
409942
410090
410238
409965
410109
410169
410037
410088
410153
410115
410249
410282
409547
409467
409681
409762
409718
409591
409796
409591
409583
409634
409715
409832
409987
410230
410071
410047
410113
409434
409490
410179
410209
410298
410294
410359
410430
410429
410511
410492
410545
410604
410637
410556
410721
410684
410744
410808
410830
410939
410964
411148
411144
411176
411173
411326
411551
410816
410481
411176
411217
411272
411342
411459
410651
410783
410920
411057
411034
410556
410853
410958
411069
411327
411037
411269
411398
411474
411561
410220
410169
410228
410252
410289
410348
410301
410373
410394
410417
410439
410482
410371
410394
410416
410468
410498
410507
410529
410547
410430
410453
410479
410502
410551
410570
410591
410559
410580
410597
410681
410593
410622
410647
410704
410718
410735
410684
410709
410735
410778
410735
410789
410812
410837
410771
410834
410847
410883
410888
410885
410895
410901
410955
411004
411062
411123
411051
411299
410744
407191
407178
407319
407332
407398
407288
407558
407409
407399
407439
407390
407500
407664
407846
408069
408381
407378
407493
407625
407709
407917
407888
407928
408122
408210
408192
408292
408235
407633
407856
408089
407544
407474
407644
407818
407649
407638
407617
407547
407703
407858
407767
407703
407666
407698
407821
407955
407873
407952
408034
407246
407275
407413
407351
407300
407192
407158
407170
407096
407084
407101
407011
407005
406906
406926
407200
407156
407127
406746
407694
407839
407782
407933
407873
408016
407960
408046
408121
408165
408178
408159
408203
408432
408259
408310
408260
408298
408348
408338
408346
408410
408455
408602
408657
408591
408608
408745
407670
407608
407671
408536
407788
407617
407887
407553
407625
407543
407391
408456
408094
407931
408245
408272
408392
408428
408428
408489
408531
408570
408508
408305
408346
408391
408474
408470
408505
408519
408578
408600
408651
408431
408487
408506
408535
408574
408618
408662
408703
408746
408650
408717
408820
408809
408872
408386
408215
408231
408012
408206
407977
408150
407911
408138
407713
409061
408962
408869
409223
409096
408900
408816
409406
409369
409288
409131
409122
409045
409037
408897
409401
409366
409230
409287
409275
409009
409073
409148
409242
408992
409064
409123
409487
409267
409354
409428
409214
409118
409107
