409154
409151
409277
409260
409240
409213
409199
409178
409174
409147
409469
409378
409378
409351
409328
409275
409289
409272
409208
409754
409609
409565
409577
409515
409478
409442
409442
409408
409344
409398
409638
409683
409670
409620
409688
409624
409570
409541
409512
409216
409158
408777
408731
408808
408840
408932
408897
409050
409033
408906
409262
409090
409020
409262
409210
409109
409192
409298
409302
409264
409372
409426
409452
409553
409434
409479
409517
409539
409038
409167
408778
409411
409822
409811
409765
409812
409792
409837
409711
409969
409944
410041
409946
410015
410067
410073
410113
410204
409645
410120
409875
410180
410244
410224
410435
409573
409575
409553
409546
409701
409691
409680
409667
409657
409858
409795
409788
409768
409900
409863
409923
409874
410006
410003
410006
409960
410014
409816
410120
410099
410072
410234
410205
410213
410212
410320
410324
410107
410201
410140
409026
408906
408865
408849
408791
409016
408946
408921
408872
408903
409160
409102
409007
408951
409261
409213
409150
409114
409065
409057
409174
409136
409322
409255
409213
409372
409286
409355
409482
409456
409442
409429
408514
408597
408644
408796
408888
408951
409662
409591
409610
409638
409684
409830
409738
409700
409732
409718
409810
409892
409968
409770
409819
409812
409823
409798
409939
409972
409923
409920
409892
409971
410079
410064
409833
410157
409962
410042
410123
410197
410307
410389
409789
409837
409917
410012
409942
410090
410238
409965
410014
410109
410169
410037
410088
410153
410115
410249
410282
409547
409467
409681
409762
409718
409591
409796
409591
409583
409634
409715
409832
409987
410230
410071
410047
410113
409434
409490
410179
410209
410244
410298
410294
410347
410359
410430
410429
410511
410492
410545
410604
410637
410556
410607
410650
410618
410656
410705
410721
410684
410660
410737
410744
410808
410830
410707
410780
410780
410826
410894
410939
410964
411148
411144
411176
411173
411326
411451
411506
411551
410816
410481
411176
411217
411272
411342
411459
410651
410783
410920
411057
411034
410556
410853
410958
411069
411250
411327
411037
411269
411398
411474
411561
410220
410169
410228
410252
410289
410348
410301
410325
410345
410373
410394
410417
410439
410466
410395
410482
410371
410394
410416
410437
410468
410498
410488
410507
410529
410547
410430
410453
410479
410502
410551
410570
410591
410606
410556
410559
410580
410597
410623
410646
410663
410681
410593
410622
410647
410675
410695
410704
410718
410735
410684
410709
410735
410763
410778
410797
410746
410735
410771
410789
410812
410837
410771
410805
410834
410847
410883
410888
410885
410895
410901
410946
410955
410961
411004
411002
411062
411123
411051
411299
411149
411090
410744
411495
411659
411529
411551
411599
411601
411653
411728
411931
412116
412195
412400
412550
412673
412687
412644
412587
412533
412493
412465
412606
412574
412437
412408
412344
412300
412273
412255
412177
412278
412324
412349
412368
412481
412392
412298
412237
412152
412201
412142
412217
412142
412139
412084
412007
411308
411680
411867
411816
411983
411790
411876
411960
412039
411974
411886
411934
412080
412103
412023
407191
407178
407319
407332
407398
407288
407558
407409
407399
407439
407390
407500
407664
407846
408069
408381
407378
407490
407493
407587
407615
407625
407709
407870
407917
407888
407928
408122
408327
408210
408192
408292
408235
407633
407856
408089
407544
407474
407473
407644
407818
407649
407638
407617
407547
407703
407858
407767
407703
407666
407698
407821
407955
407873
407952
408034
406697
406791
406771
406804
406876
406933
407246
407275
407413
407351
407300
407192
407158
407170
407096
407084
407101
407011
407005
406906
406926
406840
406398
407200
406306
406378
406394
406450
406470
406511
406590
406620
406683
406782
406846
406878
406950
406977
407026
407041
406719
406632
406574
406514
406444
407117
407207
407422
406901
407150
407002
406714
406702
406690
406682
406666
406576
406567
406559
406555
406542
406478
406781
406802
406818
406831
406848
406854
406619
406640
406650
406671
406427
406445
406464
406888
406848
406854
406987
407156
407127
406746
407694
407839
407782
407933
407873
408016
407960
408046
408121
408165
408178
408159
408203
408432
408259
408310
408260
408366
408377
408298
408348
408338
408346
408410
408455
408522
408602
408657
408591
408608
408712
408745
407670
407608
407671
408536
407788
407617
407887
407553
407483
407507
407432
407625
407543
407391
408456
408094
407931
408245
408272
408392
408428
408428
408489
408531
408570
408508
408305
408346
408369
408391
408474
408470
408505
408519
408578
408600
408651
408431
408487
408506
408535
408574
408618
408662
408703
408746
408616
408650
408679
408717
408820
408771
408809
408872
408386
408215
408231
408012
408206
407977
408179
407943
408150
407911
408138
407713
409061
408962
408869
409223
409096
408977
408900
408816
409406
409369
409288
409131
409122
409045
409037
408897
409401
409366
409230
409192
409287
409275
409104
409009
409073
409148
409242
408992
409064
409123
409487
409267
409354
409428
409214
409567
409118
409107
409347
409668
409596
409588
409513
409506
409441
409447
409374
409384
409271
409326
409244
412253
412288
412354
412374
412401
412434
412488
412644
412576
412561
412523
412488
412458
412479
412684
412649
412616
412581
412556
412629
412654
412686
412466
411715
411780
411921
411973
411768
411825
411864
411926
411971
412017
412092
412293
411707
411737
411764
411802
411874
411929
412018
411943
411968
411888
411807
412009
412064
412091
412284
412236
412202
412167
412129
412100
412086
412492
412434
412387
412357
412330
412295
412257
412220
412630
412624
412583
412568
412534
412511
412482
412431
412422
412701
412581
412140
411500
411589
411644
411690
411846
411613
412685
412689
412633
