50
4
33
15
1
5
87
91
45
1
41
23
26
301
53
1
80
118
1
1
15
12
60
35
138
1
173
61
1
21
8
18
35
17
22
60
65
54
39
1
1
5
115
30
98
61
79
8
193
4
654
63
22
283
150
153
20
10
13
3
54
25
21
19
26
90
105
73
1
46
28
160
1
65
152
1
61
102
49
43
1
48
27
6
49
27
19
33
1
1
37
49
54
30
12
34
58
61
23
12
96
37
46
25
52
35
31
41
33
26
28
19
17
28
39
32
5
39
36
25
22
17
32
7
1
33
88
18
49
7
1
62
26
25
13
13
20
67
34
1
127
42
84
27
2
18
37
26
96
84
33
103
34
6
31
38
94
32
9
15
5
185
54
135
16
1
1
24
19
46
30
21
11
33
20
30
43
37
6
51
62
15
8
16
25
37
21
22
25
40
19
27
5
31
17
1
1
1
1
29
42
1
1
26
48
46
53
58
60
28
6
2
1
23
26
21
30
31
21
17
3
32
33
30
1
8
28
70
19
16
22
13
38
40
2
1
1
1
1
1
1
1
1
1
26
26
28
25
52
20
30
39
31
30
24
17
18
1
17
11
31
21
20
1
1
17
19
17
11
13
26
19
16
16
17
16
12
64
18
25
28
22
22
27
16
27
31
23
27
1
1
15
22
47
25
28
19
18
24
42
14
124
48
25
21
20
11
42
24
33
35
32
34
32
1
19
28
7
33
1
5
467
129
5