135
125
163
146
162
143
192
154
22
96
172
113
36
12
74
112
148
158
124
179
191
107
65
6
171
102
30
155
167
109
27
139
130
116
105
107
22
73
178
113
162
168
32
151
167
192
58
184
10
189
107
169
163
160
149
42
92
21
149
85
54
139
128
94
8
18
110
52
120
104
45
103
94
188
49
19
199
199
73
93
191
192
157
35
129
87
70
17
123
100
93
113
4
89
56
186
89
158
170
190
169
156
42
61
140
197
150
150
98
106
56
102
187
156
113
146
122
183
197
162
174
60
54
111
187
23
188
192
78
25
173
71
119
71
193
81
3
26
24
182
106
32
23
101
14
171
112
68
141
25
177
103
79
85
120
88
11
116
44
110
166
75
30
121
124
62
65
117
12
148
191
164
63
114
166
1
104
125
114
51
194
141
36
151
157
158
138
162
18
97
24
166
97
163
55
170
8
36
76
143
142
26
27
184
80
135
157
106
82
42
143
78
153
74
76
11
113
32
86
190
154
141
136
6
104
9
150
28
130
175
16
193
193
29
76
171
5
64
11
41
20
105
151
140
99
49
114
113
170
186
66
109
2
73
171
104
1
166
148
38
50
143
22
89
150
21
137
27
54
149
58
156
12
2
185
143
143
73
174
106
176
37
15
53
83
132
26
187
63
154
9
55
104
125
110
81
51
65
44
162
83
21
32
60
172
182
86
190
38
35
160
70
59
65
156
40
83
111
181
142
111
189
157
9
124
185
72
72
154
26
51
94
117
129
22
17
67
165
22
65
103
142
24
69
108
13
115
157
197
146
92
115
123
53
39
67
87
34
147
126
3
31
79
49
116
168
19
52
50
30
161
56
162
147
189
64
122
129
106
163
150
124
126
137
194
165
136
5
65
169
153
195
197
41
144
90
6
51
65
75
96
162
159
27
175
153
96
165
61
22
178
196
144
13
29
168
109
35
120
7
168
133
48
23
184
183
21
57
125
170
78
192
29
72
104
146
39
114
129
150
70
68
35
31
178
103
191
24
170
111
127
129
14
87
73
42
68
82
15
62
8
36
187
161
129
41
11
93
153
195
48
9
44
42
13
52
92
191
181
145
100
139
53
35
186
6
11
180
74
98
191
160
160
73
168
104
197
12
57
84
53
14
61
200
199
185
7
83
159
96
79
59
8
196
154
166
173
115
192
149
145
118
75
113
92
58
37
27
184
98
114
79
12
171
151
66
8
168
11
188
122
48
77
23
56
61
149
32
198
22
22
125
177
199
123
89
148
79
162
164
162
75
182
111
173
113
48
6
190
32
7
7
197
95
110
179
27
107
119
186
21
14
119
68
187
28
153
94
112
7
14
138
156
182
188
18
48
105
126
182
57
81
12
52
169
134
60
96
121
177
72
157
106
163
81
3
141
94
75
81
1
67
82
197
13
163
22
49
118
91
170
41
106
82
34
43
21
45
53
71
195
77
80
111
22
190
180
136
34
180
163
106
70
58
198
45
29
124
2
93
102
166
11
23
16
139
9
108
145
155
26
182
24
47
6
90
136
31
138
173
135
7
183
33
80
37
138
178
157
102
137
108
120
42
91
192
91
54
104
80
69
40
194
39
200
24
44
108
88
38
17
136
78
190
64
167
189
68
190
148
100
4
171
168
132
176
96
4
51
192
176
101
186
94
151
72
139
48
80
191
23
9
195
179
142
146
165
186
63
70
153
131
50
164
71
112
99
80
123
35
41
52
17
21
199
58
103
171
42
118
99
66
20
131
190
173
96
91
72
44
38
75
4
63
152
118
167
60
52
41
84
22
188
200
139
62
141
23
99
15
197
139
77
172
159
66
35
149
194
104
95
99
80
132
199
200
132
35
17
67
24
68
131
91
5
196
190
90
19
27
67
171
42
110
86
87
129
63
73
29
79
66
179
121
135
137
138
191
81
83
174
199
118
48
32
59
195
73
73
39
9
126
79
137
139
64
125
162
49
17
194
60
44
120
92
116
42
137
101
42
28
125
86
63
110
86
194
166
78
191
22
191
87
25
55
128
167
1
91
157
79
40
28
42
3
147
34
134
186
61
144
114
135
162
160
171
8
102
42
13
94
77
67
129
70
108
154
120
95
184
8
72
148
30
88
71
123
154
60
30
46
53
34
32
177
121
70
43
61
31
177
118
172
155
65
13
77
78
186
145
105
109
124
147
119
192
62
131
92
118
196
68
110
104
84
3
82
67
78
39
116
58
172
131
191
187
32
11
60
120
101
59
7
73
55
30
160
89
86
62
183
79
88
184
67
158
54
194
67
95
113
96
93
14
190
187
183
194
15
195
12
65
163
110
25
36
41
178
143
159
136
96
123
12
81
122
44
72
176
135
35
166
63
188
49
51
94
45
5
67
24
181
60
130
14
67
38
93
49
149
109
194
3
57
24
54
79
34
169
86
33
73
107
72
144
196
143
35
131
59
192
28
25
25
68
147
141
160
78
101
144
16
169
99
24
58
87
44
81
48
74
55
51
47
25
4
68
80
135
108
94
4
40
29
51
55
37
27
39
6
129
20
118
188
68
98
143
169
63
119
185
60
96
52
164
91
119
187
138
169
194
70
15
144
94
191
94
175
70
34
53
150
32
72
59
183
124
190
152
151
192
14
45
46
106
28
157
156
69
12
91
133
151
130
78
71
152
2
73
129
39
145
103
22
178
148
46
27
92
32
155
157
66
98
78
87
144
88
54
90
9
200
55
86
14
184
138
65
169
109
38
102
57
88
21
16
175
134
25
150
25
23
63
161
198
138
132
37
91
48
126
29
29
38
54
147
55
7
100
62
14
97
131
116
67
38
150
178
191
119
130
26
117
148
5
165
51
167
46
57
58
75
191
197
168
47
40
107
187
23
13
158
113
181
57
140
53
20
148
14
43
22
130
70
199
39
117
24
114
17
190
52
165
185
175
115
123
178
92
168
25
42
35
73
177
42
16
47
167
41
77
19
66
60
17
65
103
47
47
153
154
151
26
196
133
11
151
53
37
185
51
137
18
117
102
183
39
96
168
84
34
190
18
80
53
152
14
77
30
132
123
58
163
66
147
43
185
1
103
12
46
49
189
198
53
123
200
121
113
86
168
170
109
107
27
175
147
115
139
105
18
144
80
34
53
89
73
16
81
115
191
48
71
20
34
103
122
146
87
45
41
124
169
67
57
143
103
71
76
196
102
93
46
144
72
33
89
117
84
147
118
31
190
74
182
146
114
84
49
122
37
37
79
187
148
46
140
171
160
192
192
76
176
57
87
143
57
199
86
141
155
139
31
80
118
192
109
74
148
109
67
172
32
167
169
51
79
114
128
174
188
154
96
171
97
53
127
66
108
100
116
154
160
10
20
36
69
132
196
117
186
58
39
96
32
101
9
59
162
57
93
121
188
165
147
56
193
81
149
92
9
160
36
148
161
79
125
91
20
45
10
187
170
115
37
77
47
189
183
116
63
130
73
27
176
153
18
44
23
14
74
75
23
27
189
178
55
138
91
54
123
170
135
27
173
104
134
180
60
177
193
197
36
133
150
125
7
175
139
78
5
26
125
191
56
110
103
133
162
91
29
181
41
45
11
181
27
194
137
188
166
200
97
39
170
170
68
62
187
5
24
167
153
174
198
129
26
135
163
36
65
146
188
143
16
189
31
122
27
55
158
30
6
50
71
114
178
154
177
135
194
148
145
86
108
51
21
193
30
159
136
72
78
87
119
29
102
186
138
194
94
136
182
185
132
7
41
189
1
139
167
24
157
197
20
76
142
55
195
38
76
159
14
128
71
171
78
174
132
172
132
68
117
158
24
150
176
46
25
136
146
118
125
56
44
166
59
9
118
100
191
65
83
69
37
189
13
60
57
67
146
75
30
17
102
16
140
101
177
65
126
189
107
91
180
8
39
33
158
156
30
128
49
193
149
83
102
70
32
27
17
108
167
183
71
144
193
13
122
29
25
152
65
145
14
3
59
39
102
124
27
21
132
101
10
23
16
183
56
124
88
185
189
80
61
72
143
154
24
191
163
79
182
49
17
39
153
68
130
190
136
33
4
142
73
114
121
171
5
11
