435528
435683
435420
435538
435695
435897
435982
436078
436171
436256
435389
435463
435563
435734
435891
435982
436065
436188
436263
435326
435201
435307
435510
435614
435707
435810
435913
436075
436201
436213
435143
435349
435514
435615
435618
435752
435942
436090
436236
435826
435820
434870
434657
434639
435022
434976
434650
434674
434769
434723
434873
434982
435056
435017
435093
435153
435244
435127
435225
435295
434831
435074
435030
434818
434954
435235
435416
434739
435466
435545
435617
435857
435978
436155
436281
435509
435714
435866
436015
436193
435592
436039
436329
436314
436119
436189
435755
436398
436276
436222
436784
436533
436677
436813
436882
436391
436539
436697
436825
436892
436418
436554
436708
436873
436600
436728
436735
436894
436607
436738
436804
436901
436903
437011
436627
436799
436904
436518
436634
436728
436795
436562
436701
437014
436904
436494
436332
436537
436634
436707
436841
436511
436666
436738
436787
436834
436346
436513
436747
436887
436338
436540
436607
436740
436786
436848
436708
436838
436406
436694
436836
436561
436828
436788
436380
436520
436668
436834
436845
436868
436892
436835
436863
436887
434773
434867
434946
435210
434678
434754
434890
435043
435094
435208
435327
434672
434774
434877
434991
435089
435164
434767
434854
434941
435014
435087
435263
434956
435130
434875
434928
434968
435045
434939
434885
434688
434703
434778
434847
435225
435297
435175
435298
435141
435267
435086
435251
435043
435237
434950
435076
435208
435315
434954
435053
435170
434776
435029
435132
435245
435340
434732
434792
435073
435074
435132
434687
434673
434836
434878
434903
434936
434773
435249
434658
434905
434971
435029
435304
434848
434804
434862
434936
435613
435417
435388
435543
435663
436049
435384
435510
435646
435785
435919
436035
436137
436253
436240
436373
435374
435496
435631
435739
435817
435901
436025
436128
436244
436346
435369
435478
435620
435734
436010
436117
436231
436337
435600
435512
435727
435874
435997
436100
436219
436312
435427
435569
435717
435867
435964
436034
436100
436203
435564
435710
435854
435977
436090
436186
435470
435556
435700
435850
435963
436079
435417
435484
435710
435782
436197
435542
435668
435848
435964
435666
435841
435942
435920
435664
436290
434917
434637
434746
434788
