409154
409151
409277
409260
409240
409213
409199
409178
409174
409147
409469
409378
409378
409351
409328
409275
409289
409272
409208
409754
409609
409565
409577
409515
409478
409442
409442
409408
409344
409398
409638
409683
409670
409620
409688
409624
409570
409541
409512
409216
409158
408777
408731
408808
408840
408932
408897
409050
409033
408906
409262
409090
409020
409262
409210
409109
409192
409298
409302
409264
409452
409553
409434
409517
409539
409038
409167
408778
409822
409811
409765
409812
409792
409837
409711
409969
409944
410041
409946
410015
410067
410073
410113
410204
409645
410120
409875
410180
410244
410224
410435
409573
409575
409553
409546
409701
409691
409680
409667
409657
409858
409795
409788
409768
409900
409863
409923
409874
410006
410003
410006
409960
410014
409816
410120
410099
410072
410234
410205
410213
410212
410320
410324
410107
410201
410140
409026
408906
408865
408849
408791
409016
408946
408921
408872
408903
409160
409102
409007
408951
409261
409213
409150
409114
409065
409057
409174
409136
409322
409255
409213
409372
409286
409355
409482
409456
409442
409429
408514
408597
408644
408796
408888
408951
409610
409638
409684
409830
409738
409700
409732
409718
409810
409892
409968
409819
409812
409823
409798
409939
409972
409923
409920
409892
409971
410079
410064
409833
410157
409962
410042
410123
410197
410307
410389
410230
410071
410047
410113
410179
410209
410244
410298
410294
410347
410359
410430
410429
410511
410492
410545
410604
410637
410556
410607
410650
410618
410656
410705
410721
410684
410660
410737
410744
410808
410830
410707
410780
410780
410826
410894
410939
410964
410816
410481
410651
410783
410920
411034
410556
410853
410958
411037
410220
410169
410228
410252
410289
410348
410301
410325
410345
410373
410394
410417
410439
410466
410395
410482
410371
410394
410416
410437
410468
410498
410488
410507
410529
410547
410430
410453
410479
410502
410551
410570
410591
410606
410556
410559
410580
410597
410623
410646
410663
410681
410593
410622
410647
410675
410695
410704
410718
410735
410684
410709
410735
410763
410778
410797
410746
410735
410771
410789
410812
410837
410771
410805
410834
410847
410883
410888
410885
410895
410901
410946
410955
410961
411004
411002
410744
408381
408392
408570
408508
