0
155.029
163.686
106.471
187.843
373.687
456.225
643.311
344.305
233.24
226.718
285.035
402.548
469.848
553.709
670.466
736.981
633.091
560.316
466.65
423.383
371.102
370.158
403.073
480.8
603.096
699.306
727.16
618.451
558.464
516.19
474.052
541.531
520.65
586.9
682.358
793.365
292.027
758.349
968.282
953.959
595.51
594.969
914.84
860.309
768.584
842.335
663.844
549.738
490.653
155.029
0
291.625
181.4
89.8053
222.8
302.828
488.542
433.082
316.115
256.766
206.4
273.117
323.693
406.163
519.294
582.794
700.755
664.897
559.26
459.788
370.482
327.88
317.506
370.919
468.736
552.787
584.73
727.165
628.156
545.822
473.904
540.92
478.006
492.587
563.692
660.401
137.179
894.899
1108.64
1098.9
730.508
740.142
1063.77
1014.04
921.586
990.77
817.57
703.649
640.539
163.686
291.625
0
119.218
277.478
481.274
567.387
758.03
194.486
109.772
175.071
322.602
473.753
562.004
645.112
768.016
845.819
486.174
397.725
309.375
313.209
307.05
350.385
423.468
519.879
667.972
783.869
802.178
455.027
412.161
404.085
394.555
456.207
480.243
598.609
720.136
849.165
417.326
743.303
938.235
911.001
591.078
562.282
858.662
779.772
695.224
789.589
547.206
476.249
445.584
106.471
181.4
119.218
0
158.269
362.064
448.171
638.815
256.675
139.818
120.619
216.095
359.49
444.253
527.797
650.111
726.862
537.569
485.149
382.604
318.234
266.085
275.835
327.274
416.832
557.022
668.3
688.962
546.726
463.303
410.702
368.143
435.412
422.246
509.231
619.407
742.097
299.88
824.326
1027.62
1006.23
665.324
650.713
959.329
889.155
801.804
888.561
665.003
581.409
538.446
187.843
89.8053
277.478
158.269
0
203.796
289.914
480.554
382.2
269.941
190.966
117.652
214.849
289.126
373.23
494.037
568.901
632.738
616.601
506.131
384.44
286.681
238.302
232.441
297.2
415.48
516.577
541.561
680.52
562.108
466.542
388.33
454.569
388.207
412.2
496.615
605.529
149.496
946.041
1156.08
1140.95
782.898
782.192
1099.85
1038.53
948.855
1027.78
822.294
728.608
675.811
373.687
222.8
481.274
362.064
203.796
0
86.1452
276.762
568.859
464.307
372.533
213.572
115.156
105.209
184.391
296.921
366.034
786.589
800.77
687.025
531.286
413.876
326.075
244.969
229.558
264.025
331.024
366.171
865.529
721.945
596.27
495.149
550.878
435.828
359.825
380.569
452.02
94.6256
1115.72
1330.38
1321.59
951.186
962.913
1286.42
1233.81
1142.27
1213.48
1025.17
923.23
862.862
456.225
302.828
567.387
448.171
289.914
86.1452
0
190.646
651.574
549.001
455.634
290.875
157.867
76
122.43
218.552
281.144
859.279
882.078
767.842
604.705
485.057
391.747
297.713
252.606
228.758
262.652
304.897
946.912
796.834
663.977
558.507
609.604
483.244
373.15
358.647
403.094
167.108
1189.38
1405.22
1398.76
1024.93
1040.83
1365.81
1316.46
1224.31
1292.64
1110.79
1005.92
943.142
643.311
488.542
758.03
638.815
480.554
276.762
190.646
0
835.792
736.804
641.311
471.485
319.556
214.294
156.4
99.4636
98.0816
1024.9
1063.07
948.355
774.164
653.093
554.718
449.605
372.005
252.927
172.627
227.903
1127.87
966.832
823.204
712.778
754.987
614.867
457.446
375.832
344.193
351.364
1360.22
1577.48
1575.11
1196.56
1219.26
1546.02
1502.13
1409.07
1472.59
1300.98
1191.96
1125.58
344.305
433.082
194.486
256.675
382.2
568.859
651.574
835.792
0
117.29
196.359
364.622
521.426
623.927
699.554
822.928
912.139
291.88
234.401
126.254
162.188
229.654
318.127
421.865
524.695
688.707
821.565
827.053
298.458
217.706
236.698
271.803
316.863
394.707
562.148
704.688
848.091
531.49
865
1039.46
999.71
728.238
677.45
934.508
828.726
757.955
872.081
555.972
556.138
559.008
233.24
316.115
109.772
139.818
269.941
464.307
549.001
736.804
117.29
0
100
272.342
430.911
529.122
608.543
732.708
817.863
400.181
349.292
243.526
204.475
203.887
263.697
352.853
454.528
612.735
738.783
750.267
412.311
325.609
296.42
285.776
346.591
379.522
516.047
647.841
784.529
419.344
844.304
1033.56
1001.94
695.647
660.367
944.632
854.462
775.023
877.715
601.295
560.629
542.045
226.718
256.766
175.071
120.619
190.966
372.533
455.634
641.311
196.359
100
0
173.118
331.789
431.474
509.828
633.925
720.347
444.46
429.424
317.025
205.937
146.185
175.317
255.157
355.803
512.878
638.905
650.308
493.964
372.587
296.083
247.524
314.841
310.221
424.859
551.632
686.211
338.303
917.306
1113.3
1085.67
762.971
737.214
1031.95
947.578
865.714
963.527
699.683
648.464
620.655
285.035
206.4
322.602
216.095
117.652
213.572
290.875
471.485
364.622
272.342
173.118
0
158.676
259.384
336.757
460.822
547.987
573.474
592.16
477.624
318.201
203.214
129.838
118.562
200.803
345.731
467.052
481.3
657.001
508.379
387.506
294.146
356.406
273.593
302.035
403.529
527.186
211.294
1037.29
1242.71
1222.24
876.393
866.098
1175.23
1101.91
1016.05
1104.6
865.588
796.006
754.483
402.548
273.117
473.753
359.49
214.849
115.156
157.867
319.556
521.426
430.911
331.789
158.676
0
105.309
178.317
302.233
390.876
707.602
745.024
630.258
455.151
334.212
237.394
139.846
116.103
200.639
310.413
329.521
809.694
647.911
509.012
401.796
451.806
327.012
247.316
291.496
391
184.231
1160.19
1370.83
1355.69
996.647
997.016
1313.71
1248.35
1160.13
1241.9
1020.14
939.641
889.994
469.848
323.693
562.004
444.253
289.126
105.209
76
214.294
623.927
529.122
431.474
259.384
105.309
0
84.1724
206.022
288.877
812.267
849.422
734.66
560.346
439.345
341.81
239.735
180.693
162.29
229.613
261.706
914.161
753.096
612.412
503.7
550.513
417.972
297.7
287.089
347.397
199.832
1218.42
1432.33
1421.88
1053.96
1062.87
1384.6
1327.21
1236.9
1311.96
1109.08
1016.97
960.469
553.709
406.163
645.112
527.797
373.23
184.391
122.43
156.4
699.554
608.543
509.828
336.757
178.317
84.1724
0
124.169
213.928
873.124
921.356
806.685
625.275
504.457
404.827
297.379
215.669
119.419
146.7
183.807
985.842
817.247
669.897
558.624
599.174
458.469
306.741
253.237
281.016
277.824
1300.06
1514.54
1504.94
1135.54
1146.02
1468.29
1411.38
1321.04
1395.58
1192.31
1101.13
1044.24
670.466
519.294
768.016
650.111
494.037
296.921
218.552
99.4636
822.928
732.708
633.925
460.822
302.233
206.022
124.169
0
98.5951
987.607
1042.95
928.445
743.444
623.318
523.256
414.468
323.303
176.819
73.1642
128.456
1107.24
934.26
782.739
670.398
705.66
560.357
386.419
286.295
244.753
385.253
1407.89
1623.77
1617
1243.45
1258.79
1583.06
1530.19
1438.99
1510.03
1315.04
1219.66
1159.71
736.981
582.794
845.819
726.862
568.901
366.034
281.144
98.0816
912.139
817.863
720.347
547.987
390.876
288.877
213.928
98.5951
0
1084.47
1135.19
1020.48
838.552
717.948
618.091
509.868
421.018
274.489
149.466
196.469
1199.71
1030.06
880.026
767.885
804.006
658.921
483.823
375.257
305.197
445.813
1458.15
1675.34
1672.54
1294.41
1316.26
1642.71
1596.84
1504.21
1569.33
1391.05
1286.42
1221.55
633.091
700.755
486.174
537.569
632.738
786.589
859.279
1024.9
291.88
400.181
444.46
573.474
707.602
812.267
873.124
987.607
1084.47
0
191.442
189.953
255.314
374.253
470.465
575.847
664.765
825.056
966.294
955.775
216.668
74.6324
205.913
318.555
299.366
445.394
642.893
793.136
941.628
774.114
1078.18
1222.33
1169.14
963.23
893.411
1091.52
959.542
911.093
1040.53
668.785
747.818
782.084
560.316
664.897
397.725
485.149
616.601
800.77
882.078
1063.07
234.401
349.292
429.424
592.16
745.024
849.422
921.356
1042.95
1135.19
191.442
0
114.769
310.653
423.562
522.682
631.482
731.323
896.815
1034.52
1033.76
64.846
165.469
318.889
414.146
424.417
551.204
742.026
891.597
1039.54
765.873
895.424
1032.87
978.491
789.558
713.41
900.303
768.251
720
850.114
477.486
563.313
606.586
466.65
559.26
309.375
382.604
506.131
687.025
767.842
948.355
126.254
243.526
317.025
477.624
630.258
734.66
806.685
928.445
1020.48
189.953
114.769
0
203.354
311.045
409.352
517.82
618.357
783.883
920.911
921.263
179.513
125.252
232.108
312.872
334.44
448.894
635.02
783.368
930.511
654.842
901.062
1057.38
1009.59
779.006
714.318
936.949
816.036
756.616
880.532
529.306
575.543
600.022
423.383
459.788
313.209
318.234
384.44
531.286
604.705
774.164
162.188
204.475
205.937
318.201
455.151
560.346
625.275
743.444
838.552
255.314
310.653
203.354
0
121.078
220.477
328.976
425.011
589.734
729.226
725.431
372.035
192.762
93.086
113.464
154.871
246.522
432.057
581.116
728.904
521.211
1024.5
1201.38
1161.9
883.919
837.366
1096.36
988.243
919.248
1034.22
710.629
718.299
718.585
371.102
370.482
307.05
266.085
286.681
413.876
485.057
653.093
229.654
203.887
146.185
203.214
334.212
439.345
504.457
623.318
717.948
374.253
423.562
311.045
121.078
0
100.09
209.153
307.782
473.255
611.4
610.32
486.796
313.766
184.459
105.005
173.046
175.855
332.579
476.71
622.007
412.171
1047.94
1237.14
1204.36
897.825
864.253
1145.09
1048.73
972.805
1079.24
783.001
761.609
745.915
370.158
327.88
350.385
275.835
238.302
326.075
391.747
554.718
318.127
263.697
175.317
129.838
237.394
341.81
404.827
523.256
618.091
470.465
522.682
409.352
220.477
100.09
0
109.11
209.122
374.598
511.852
512.285
586.256
412.54
272.237
169.198
228.081
152.778
252.367
388.147
530.091
339.366
1091.77
1288.61
1260.76
936.092
912.402
1206.16
1118.16
1038.2
1138.17
861.517
822.295
795.968
403.073
317.506
423.468
327.274
232.441
244.969
297.713
449.605
421.865
352.853
255.157
118.562
139.846
239.735
297.379
414.468
509.868
575.847
631.482
517.82
328.976
209.153
109.11
0
103
267.172
403.094
405.395
695.201
520.194
373.631
264.025
312.058
191.018
183.87
296.987
431.713
284.176
1151.44
1354.6
1331.61
991.639
977.577
1281.65
1201.73
1118.46
1211.97
954.133
899.716
864.06
480.8
370.919
519.879
416.832
297.2
229.558
252.606
372.005
524.695
454.528
355.803
200.803
116.103
180.693
215.669
323.303
421.018
664.765
731.323
618.357
425.011
307.782
209.122
103
0
165.529
304.217
303.21
794.554
613.333
459.549
347.114
384.111
242.992
131.244
202.805
330.498
298.839
1236.96
1443.28
1423.04
1075.31
1066.8
1375.57
1299.53
1214.91
1305.14
1055.46
995.322
955.266
603.096
468.736
667.972
557.022
415.48
264.025
228.758
252.927
688.707
612.735
512.878
345.731
200.639
162.29
119.419
176.819
274.489
825.056
896.815
783.883
589.734
473.255
374.598
267.172
165.529
0
141.322
138.362
959.96
776.338
619.165
506.502
535.956
388.568
209.602
133.843
191.669
357.106
1360.22
1571.32
1556.31
1196.43
1197.65
1513.85
1446.02
1358.77
1442.19
1210.83
1138.32
1090.37
699.306
552.787
783.869
668.3
516.577
331.024
262.652
172.627
821.565
738.783
638.905
467.052
310.413
229.613
146.7
73.1642
149.466
966.294
1034.52
920.911
729.226
611.4
511.852
403.094
304.217
141.322
0
55.3173
1098.09
916.965
760.424
647.744
676.923
529.151
343.74
226.119
171.607
423.978
1446.74
1661.24
1651.41
1282.21
1292.43
1614.13
1555.05
1465.38
1541.53
1330.53
1245.18
1189.96
727.16
584.73
802.178
688.962
541.561
366.171
304.897
227.903
827.053
750.267
650.308
481.3
329.521
261.706
183.807
128.456
196.469
955.775
1033.76
921.263
725.431
610.32
512.285
405.395
303.21
138.362
55.3173
0
1096.59
909.792
750.057
637.878
661.91
513.417
320.975
188.621
116.297
460.488
1479.63
1692.93
1680.94
1315.24
1321.86
1641.33
1577.85
1489.42
1569.13
1346.88
1268.95
1217.18
618.451
727.165
455.027
546.726
680.52
865.529
946.912
1127.87
298.458
412.311
493.964
657.001
809.694
914.161
985.842
1107.24
1199.71
216.668
64.846
179.513
372.035
486.796
586.256
695.201
794.554
959.96
1098.09
1096.59
0
210.858
372.378
472.343
477.624
609.161
801.888
951.955
1100.24
829.897
903.244
1029
971.039
807.121
725.483
890.017
752.134
711.267
843.934
462.9
571.161
624.094
558.464
628.156
412.161
463.303
562.108
721.945
796.834
966.832
217.706
325.609
372.587
508.379
647.911
753.096
817.247
934.26
1030.06
74.6324
165.469
125.252
192.762
313.766
412.54
520.194
613.333
776.338
916.965
909.792
210.858
0
165.511
273.359
269.046
407.296
603.67
754.483
903.333
705.313
1024.83
1176.93
1126.82
904.2
838.529
1051.85
925.372
871.149
997.8
635.466
697.379
724.857
516.19
545.822
404.085
410.702
466.542
596.27
663.977
823.204
236.698
296.42
296.083
387.506
509.012
612.412
669.897
782.739
880.026
205.913
318.889
232.108
93.086
184.459
272.237
373.631
459.549
619.165
760.424
750.057
372.378
165.511
0
112.699
105.546
242.405
439.527
590.269
739.086
596.473
1100.99
1271.29
1228.28
964.865
913.284
1159.32
1044.03
980.201
1099.72
759.832
787.035
795.15
474.052
473.904
394.555
368.143
388.33
495.149
558.507
712.778
271.803
285.776
247.524
294.146
401.796
503.7
558.624
670.398
767.885
318.555
414.146
312.872
113.464
105.005
169.198
264.025
347.114
506.502
647.744
637.878
472.343
273.359
112.699
0
68.0661
137.058
330.801
481.525
630.321
505.439
1125.02
1306.94
1269.61
979.821
938.97
1205.8
1100.17
1029.7
1142.57
823.849
825.584
820.049
541.531
540.92
456.207
435.412
454.569
550.878
609.604
754.987
316.863
346.591
314.841
356.406
451.806
550.513
599.174
705.66
804.006
299.366
424.417
334.44
154.871
173.046
228.081
312.058
384.111
535.956
676.923
661.91
477.624
269.046
105.546
68.0661
0
148.499
344.819
494.361
642.573
567.19
1178.74
1356.23
1316.37
1036.49
991.817
1250.08
1139.38
1072.3
1188.51
858.196
872.983
872.965
520.65
478.006
480.243
422.246
388.207
435.828
483.244
614.867
394.707
379.522
310.221
273.593
327.012
417.972
458.469
560.357
658.921
445.394
551.204
448.894
246.522
175.855
152.778
191.018
242.992
388.568
529.151
513.417
609.161
407.296
242.405
137.058
148.499
0
197.525
348.042
496.79
470.935
1222.84
1412.97
1380.08
1071.24
1039.73
1320.2
1221.29
1146.98
1254.74
950.623
937.046
921.538
586.9
492.587
598.609
509.231
412.2
359.825
373.15
457.446
562.148
516.047
424.859
302.035
247.316
297.7
306.741
386.419
483.823
642.893
742.026
635.02
432.057
332.579
252.367
183.87
131.244
209.602
343.74
320.975
801.888
603.67
439.527
330.801
344.819
197.525
0
150.814
299.666
429.684
1333.43
1534.65
1509.45
1174.44
1157.67
1456.77
1370.48
1290.08
1388.11
1112.49
1073.31
1042.83
682.358
563.692
720.136
619.407
496.615
380.569
358.647
375.832
704.688
647.841
551.632
403.529
291.496
287.089
253.237
286.295
375.257
793.136
891.597
783.368
581.116
476.71
388.147
296.987
202.805
133.843
226.119
188.621
951.955
754.483
590.269
481.525
494.361
348.042
150.814
0
148.852
468.603
1439.48
1646.08
1625.64
1277.51
1269.6
1577.45
1498.71
1415.31
1507.29
1248.57
1196.27
1157.84
793.365
660.401
849.165
742.097
605.529
452.02
403.094
344.193
848.091
784.529
686.211
527.186
391
347.397
281.016
244.753
305.197
941.628
1039.54
930.511
728.904
622.007
530.091
431.713
330.498
191.669
171.607
116.297
1100.24
903.333
739.086
630.321
642.573
496.79
299.666
148.852
0
546.234
1551.19
1761.59
1745.29
1387.58
1387.08
1701.06
1628.89
1543.22
1629.85
1385.74
1323.1
1278.46
292.027
137.179
417.326
299.88
149.496
94.6256
167.108
351.364
531.49
419.344
338.303
211.294
184.231
199.832
277.824
385.253
445.813
774.114
765.873
654.842
521.211
412.171
339.366
284.176
298.839
357.106
423.978
460.488
829.897
705.313
596.473
505.439
567.19
470.935
429.684
468.603
546.234
0
1023.55
1238.91
1231.77
859.027
873.734
1198.76
1151.08
1058.41
1125.57
952.694
840.754
776.363
758.349
894.899
743.303
824.326
946.041
1115.72
1189.38
1360.22
865
844.304
917.306
1037.29
1160.19
1218.42
1300.06
1407.89
1458.15
1078.18
895.424
901.062
1024.5
1047.94
1091.77
1151.44
1236.96
1360.22
1446.74
1479.63
903.244
1024.83
1100.99
1125.02
1178.74
1222.84
1333.43
1439.48
1551.19
1023.55
0
217.911
233.071
164.539
187.779
250.599
336.073
275.204
195.576
485.009
332.435
306.015
968.282
1108.64
938.235
1027.62
1156.08
1330.38
1405.22
1577.48
1039.46
1033.56
1113.3
1242.71
1370.83
1432.33
1514.54
1623.77
1675.34
1222.33
1032.87
1057.38
1201.38
1237.14
1288.61
1354.6
1443.28
1571.32
1661.24
1692.93
1029
1176.93
1271.29
1306.94
1356.23
1412.97
1534.65
1646.08
1761.59
1238.91
217.911
0
79.0759
380.928
377.044
166.148
319.453
322.099
187.032
573.251
484.258
492.668
953.959
1098.9
911.001
1006.23
1140.95
1321.59
1398.76
1575.11
999.71
1001.94
1085.67
1222.24
1355.69
1421.88
1504.94
1617
1672.54
1169.14
978.491
1009.59
1161.9
1204.36
1260.76
1331.61
1423.04
1556.31
1651.41
1680.94
971.039
1126.82
1228.28
1269.61
1316.37
1380.08
1509.45
1625.64
1745.29
1231.77
233.071
79.0759
0
384.335
359.089
89.6772
244.518
259.856
129.074
510.756
444.042
467.796
595.51
730.508
591.078
665.324
782.898
951.186
1024.93
1196.56
728.238
695.647
762.971
876.393
996.647
1053.96
1135.54
1243.45
1294.41
963.23
789.558
779.006
883.919
897.825
936.092
991.639
1075.31
1196.43
1282.21
1315.24
807.121
904.2
964.865
979.821
1036.49
1071.24
1174.44
1277.51
1387.58
859.027
164.539
380.928
384.335
0
102.859
376.342
406.453
318.211
306.198
447.532
253.18
183.183
594.969
740.142
562.282
650.713
782.192
962.913
1040.83
1219.26
677.45
660.367
737.214
866.098
997.016
1062.87
1146.02
1258.79
1316.26
893.411
713.41
714.318
837.366
864.253
912.402
977.577
1066.8
1197.65
1292.43
1321.86
725.483
838.529
913.284
938.97
991.817
1039.73
1157.67
1269.6
1387.08
873.734
187.779
377.044
359.089
102.859
0
327.873
324.234
230.326
254.332
345.701
158.114
118.929
914.84
1063.77
858.662
959.329
1099.85
1286.42
1365.81
1546.02
934.508
944.632
1031.95
1175.23
1313.71
1384.6
1468.29
1583.06
1642.71
1091.52
900.303
936.949
1096.36
1145.09
1206.16
1281.65
1375.57
1513.85
1614.13
1641.33
890.017
1051.85
1159.32
1205.8
1250.08
1320.2
1456.77
1577.45
1701.06
1198.76
250.599
166.148
89.6772
376.342
327.873
0
154.871
180.712
73.5527
427.731
384.022
424.223
860.309
1014.04
779.772
889.155
1038.53
1233.81
1316.46
1502.13
828.726
854.462
947.578
1101.91
1248.35
1327.21
1411.38
1530.19
1596.84
959.542
768.251
816.036
988.243
1048.73
1118.16
1201.73
1299.53
1446.02
1555.05
1577.85
752.134
925.372
1044.03
1100.17
1139.38
1221.29
1370.48
1498.71
1628.89
1151.08
336.073
319.453
244.518
406.453
324.234
154.871
0
96.5091
152.109
290.766
310.587
383.176
768.584
921.586
695.224
801.804
948.855
1142.27
1224.31
1409.07
757.955
775.023
865.714
1016.05
1160.13
1236.9
1321.04
1438.99
1504.21
911.093
720
756.616
919.248
972.805
1038.2
1118.46
1214.91
1358.77
1465.38
1489.42
711.267
871.149
980.201
1029.7
1072.3
1146.98
1290.08
1415.31
1543.22
1058.41
275.204
322.099
259.856
318.211
230.326
180.712
96.5091
0
135.074
251.509
220.495
287.294
842.335
990.77
789.589
888.561
1027.78
1213.48
1292.64
1472.59
872.081
877.715
963.527
1104.6
1241.9
1311.96
1395.58
1510.03
1569.33
1040.53
850.114
880.532
1034.22
1079.24
1138.17
1211.97
1305.14
1442.19
1541.53
1569.13
843.934
997.8
1099.72
1142.57
1188.51
1254.74
1388.11
1507.29
1629.85
1125.57
195.576
187.032
129.074
306.198
254.332
73.5527
152.109
135.074
0
386.311
317.706
351.973
663.844
817.57
547.206
665.003
822.294
1025.17
1110.79
1300.98
555.972
601.295
699.683
865.588
1020.14
1109.08
1192.31
1315.04
1391.05
668.785
477.486
529.306
710.629
783.001
861.517
954.133
1055.46
1210.83
1330.53
1346.88
462.9
635.466
759.832
823.849
858.196
950.623
1112.49
1248.57
1385.74
952.694
485.009
573.251
510.756
447.532
345.701
427.731
290.766
251.509
386.311
0
203.63
303.402
549.738
703.649
476.249
581.409
728.608
923.23
1005.92
1191.96
556.138
560.629
648.464
796.006
939.641
1016.97
1101.13
1219.66
1286.42
747.818
563.313
575.543
718.299
761.609
822.295
899.716
995.322
1138.32
1245.18
1268.95
571.161
697.379
787.035
825.584
872.983
937.046
1073.31
1196.27
1323.1
840.754
332.435
484.258
444.042
253.18
158.114
384.022
310.587
220.495
317.706
203.63
0
101.863
490.653
640.539
445.584
538.446
675.811
862.862
943.142
1125.58
559.008
542.045
620.655
754.483
889.994
960.469
1044.24
1159.71
1221.55
782.084
606.586
600.022
718.585
745.915
795.968
864.06
955.266
1090.37
1189.96
1217.18
624.094
724.857
795.15
820.049
872.965
921.538
1042.83
1157.84
1278.46
776.363
306.015
492.668
467.796
183.183
118.929
424.223
383.176
287.294
351.973
303.402
101.863
0
