409154 435528
409151 435683
409277 435420
409260 435538
409240 435695
409213 435897
409199 435982
409174 436171
409469 435389
409378 435463
409378 435563
409351 435734
409328 435891
409275 435982
409289 436065
409272 436188
409208 436263
409754 435326
409609 435201
409565 435307
409577 435510
409515 435614
409478 435707
409442 435810
409442 435913
409408 436075
409344 436201
409398 436213
409638 435143
409683 435349
409670 435514
409620 435615
409688 435618
409624 435752
409570 435942
409541 436090
409512 436236
409158 435820
408777 434870
408731 434657
408808 434639
408840 435022
408932 434976
408897 434650
409050 434674
409033 434769
408906 434723
409262 434873
409090 434982
409020 435056
409262 435017
409210 435093
409109 435153
409192 435244
409298 435127
409302 435225
409264 435295
409372 434355
409426 434622
409452 434831
409553 435074
409434 435030
409479 434592
409517 434818
409539 434954
409038 435235
409167 435416
408778 434739
409411 434362
409822 435466
409811 435545
409765 435617
409812 435857
409792 435978
409837 436155
409711 436281
409969 435509
409944 435714
410041 435866
409946 436015
410015 436193
410067 435592
410073 436039
409645 436119
410120 436189
409875 435755
410180 436398
410244 436276
410224 436222
409573 436533
409575 436677
409553 436813
409546 436882
409701 436391
409691 436539
409680 436697
409667 436825
409657 436892
409858 436418
409795 436554
409788 436708
409768 436873
409900 436600
409863 436728
410006 436607
410003 436738
410006 436804
410120 436627
410099 436799
410234 436518
410205 436634
410213 436728
410212 436795
410320 436562
410324 436701
410140 436494
409026 436332
408906 436537
408791 436841
409016 436511
408946 436666
409160 436346
409102 436513
409007 436747
408951 436887
409261 436338
409213 436540
409150 436607
409057 436848
409174 436708
409136 436838
409322 436406
409372 436561
409286 436828
409355 436788
409456 436520
409442 436668
409429 436834
408796 436835
408951 436887
409662 434465
409591 434570
409610 434773
409684 434946
409830 435210
409738 434678
409700 434754
409732 434890
409718 435043
409810 435094
409892 435208
409968 435327
409770 434593
409819 434672
409812 434774
409823 434877
409798 434991
409939 435089
409972 435164
409920 434854
409971 435014
410079 435087
410064 435263
410157 435130
409962 434875
410042 434928
410197 435045
410307 434939
410389 434885
409789 434303
409837 434359
409917 434411
410012 434462
409942 434312
410090 434450
410238 434566
409965 434199
410109 434397
410169 434467
410037 434213
410088 434282
410153 434343
410115 434226
410249 434330
410282 434470
409547 434042
409467 434047
409681 433912
409762 433858
409718 433959
409591 434082
409796 434120
409591 434222
409583 433734
409634 433883
409715 434552
409832 434522
409987 434568
410230 434688
410071 434703
410047 434778
410113 434847
409434 434132
409490 434182
410179 435225
410209 435297
410298 435298
410294 435141
410359 435086
410430 435251
410429 435043
410511 435237
410492 434950
410545 435076
410604 435208
410637 435315
410556 434954
410721 435245
410684 435340
410744 435073
410808 435074
410830 435132
410939 434936
410964 434773
411148 435075
411144 435014
411176 434965
411173 434890
411326 435084
411551 435166
410816 435249
410481 434658
411176 435474
411217 435493
411272 435509
411342 435526
411459 435554
410651 434905
410783 434971
410920 435029
411057 435110
411034 435304
410556 434848
410853 434804
410958 434862
411069 434818
411327 434980
411037 434936
411269 435392
411398 435412
411474 435516
411561 435330
410220 435613
410169 435417
410228 435388
410252 435543
410289 435663
410348 436049
410301 435384
410373 435785
410394 435919
410417 436035
410439 436137
410482 436373
410371 435374
410394 435496
410416 435631
410468 435817
410498 435901
410507 436128
410529 436244
410547 436346
410430 435369
410453 435478
410479 435620
410502 435734
410551 436010
410570 436117
410591 436231
410559 435512
410580 435727
410597 435874
410681 436312
410593 435427
410622 435569
410647 435717
410704 436034
410718 436100
410735 436203
410684 435564
410709 435710
410735 435854
410778 436090
410735 435556
410789 435850
410812 435963
410837 436079
410771 435417
410834 435710
410847 435782
410883 436197
410888 435542
410885 435668
410895 435848
410901 435964
410955 435841
411004 435920
411062 435695
411123 435729
411051 435572
411299 435581
410744 436290
407191 434531
407178 434623
407319 434153
407332 434352
407398 434564
407288 434536
407558 433845
407409 434019
407399 434317
407439 434507
407390 434777
407500 434876
407664 434924
407846 434923
408069 434921
408381 434917
407378 434689
407493 434671
407625 434703
407709 434771
407917 434722
407888 434792
407928 434839
408122 434634
408210 434740
408192 434803
408292 434842
408235 434622
407633 434642
407856 434609
408089 434539
407544 433937
407474 434116
407644 434553
407818 434542
407649 434014
407638 434125
407617 434203
407547 434366
407703 434483
407858 434164
407767 434214
407703 434268
407666 434347
407698 434420
407821 434427
407955 434517
407873 434382
407952 434326
408034 434390
407246 434266
407275 433938
407413 433750
407351 433708
407300 433763
407192 433963
407158 434149
407170 434329
407096 434374
407084 434156
407101 434011
407011 434136
407005 434344
406906 434328
406926 434172
407200 433724
407156 434565
407127 434524
406746 434273
407694 433514
407839 433681
407782 433454
407933 433628
407873 433397
408016 433564
407960 433292
408046 433484
408121 433547
408165 433621
408178 433148
408159 433341
408203 433446
408432 433440
408259 433586
408310 433632
408260 433162
408298 433266
408348 433257
408338 433394
408346 433540
408410 433567
408455 433224
408602 433425
408657 433477
408591 433542
408608 433603
408745 433586
407670 433678
407608 433396
407671 433294
408536 433245
407788 433274
407617 433224
407887 433059
407553 433546
407625 433791
407543 433689
407391 433476
408456 433355
408094 433305
407931 433784
408245 434407
408272 434454
408392 434637
408428 434379
408428 434498
408489 434590
408531 434581
408570 434746
408508 434788
408305 433698
408346 433756
408391 433914
408474 433992
408470 434125
408505 434233
408519 434341
408578 434478
408600 434315
408651 434460
408431 433673
408487 433708
408506 433774
408535 433862
408574 433948
408618 434062
408662 434157
408703 434274
408746 434417
408650 433823
408717 433801
408820 433623
408809 433751
408872 433690
408386 434010
408215 434274
408231 434104
408012 434144
408206 434028
407977 434067
408150 433880
407911 433922
408138 433801
407713 433877
409061 433610
408962 433786
408869 434012
409223 433668
409096 433937
408900 434293
408816 434275
409406 433531
409369 433716
409288 433872
409131 434030
409122 434124
409045 434202
409037 434325
408897 434547
409401 433812
409366 433893
409230 434159
409287 434206
409275 434314
409009 434454
409073 434471
409148 434442
409242 434616
408992 434574
409064 434594
409123 434596
409487 433830
409267 434380
409354 433967
409428 433991
409214 433933
409118 434226
409107 434290