435528
435683
435420
435538
435695
435897
435982
436078
436171
436256
435389
435463
435563
435734
435891
435982
436065
436188
436263
435326
435201
435307
435510
435614
435707
435810
435913
436075
436201
436213
435143
435349
435514
435615
435618
435752
435942
436090
436236
435826
435820
434870
434657
434639
435022
434976
434650
434674
434769
434723
434873
434982
435056
435017
435093
435153
435244
435127
435225
435295
434355
434622
434831
435074
435030
434592
434818
434954
435235
435416
434739
434362
435466
435545
435617
435857
435978
436155
436281
435509
435714
435866
436015
436193
435592
436039
436329
436314
436119
436189
435755
436398
436276
436222
436533
436677
436813
436882
436391
436539
436697
436825
436892
436418
436554
436708
436873
436600
436728
436735
436894
436607
436738
436804
436901
436903
437011
437111
437121
437205
436627
436799
436904
436518
436634
436728
436795
436562
436701
437014
436904
436494
436332
436537
436634
436707
436841
436511
436666
436738
436787
436834
436346
436513
436747
436887
436338
436540
436607
436740
436786
436848
436708
436838
436406
436694
436836
436561
436828
436788
436380
436520
436668
436834
436868
436892
436835
437065
437237
437376
436863
436887
434465
434570
434773
434867
434946
435210
434678
434754
434890
435043
435094
435208
435327
434593
434672
434774
434877
434991
435089
435164
434767
434854
434941
435014
435087
435263
434956
435130
434875
434928
434968
435045
434939
434885
434303
434359
434411
434462
434312
434450
434566
434199
434305
434397
434467
434213
434282
434343
434226
434330
434470
434042
434047
433912
433858
433959
434082
434120
434222
433734
433883
434552
434522
434568
434688
434703
434778
434847
434132
434182
435225
435297
435175
435298
435141
435267
435086
435251
435043
435237
434950
435076
435208
435315
434954
435053
435170
434776
435029
435132
435245
435340
434732
434792
435073
435074
435132
434687
434673
434836
434878
434903
434936
434773
435075
435014
434965
434890
435084
435109
435137
435166
435249
434658
435474
435493
435509
435526
435554
434905
434971
435029
435110
435304
434848
434804
434862
434818
435070
434980
434936
435392
435412
435516
435330
435613
435417
435388
435543
435663
436049
435384
435510
435646
435785
435919
436035
436137
436253
436240
436373
435374
435496
435631
435739
435817
435901
436025
436128
436244
436346
435369
435478
435620
435734
436010
436117
436231
436337
435600
435512
435727
435874
435997
436100
436219
436312
435427
435569
435717
435867
435964
436034
436100
436203
435564
435710
435854
435977
436090
436186
435470
435556
435700
435850
435963
436079
435417
435484
435710
435782
436197
435542
435668
435848
435964
435666
435841
435942
435920
435664
435695
435729
435572
435581
435575
435533
436290
434531
434623
434153
434352
434564
434536
433845
434019
434317
434507
434777
434876
434924
434923
434921
434917
434689
434776
434671
434751
434816
434703
434771
434680
434722
434792
434839
434634
434678
434740
434803
434842
434622
434642
434609
434539
433937
434116
434377
434553
434542
434014
434125
434203
434366
434483
434164
434214
434268
434347
434420
434427
434517
434382
434326
434390
434525
434621
434500
434553
434600
434564
434266
433938
433750
433708
433763
433963
434149
434329
434374
434156
434011
434136
434344
434328
434172
434204
434266
433724
432926
433150
433592
432934
433260
433586
432921
433273
433530
432914
433101
433359
432880
433301
433480
433440
433231
433229
433349
433216
433312
433674
433706
433769
433813
433832
433070
432840
433040
432970
433005
432867
432798
432783
432735
432780
432809
432998
433137
432875
433359
433400
435313
434707
434774
434858
434935
435023
434678
434733
434816
434900
434972
435086
435120
435198
435276
435344
435463
435551
435149
435230
435311
435381
435203
435286
435374
435660
434993
434684
434514
434565
434524
434273
433514
433681
433454
433628
433397
433564
433292
433484
433547
433621
433148
433341
433446
433440
433586
433632
433162
433145
433205
433266
433257
433394
433540
433567
433224
433432
433425
433477
433542
433603
433528
433586
433678
433396
433294
433245
433274
433224
433059
433546
433605
433490
433551
433791
433689
433476
433355
433305
433784
434407
434454
434637
434379
434498
434590
434581
434746
434788
433698
433756
433823
433914
433992
434125
434233
434341
434478
434315
434460
433673
433708
433774
433862
433948
434062
434157
434274
434417
433704
433823
433693
433801
433623
433692
433751
433690
434010
434274
434104
434144
434028
434067
433952
434001
433880
433922
433801
433877
433610
433786
434012
433668
433937
434240
434293
434275
433531
433716
433872
434030
434124
434202
434325
434547
433812
433893
434159
434265
434206
434314
434347
434454
434471
434442
434616
434574
434594
434596
433830
434380
433967
433991
433933
433883
434226
434290
434043
433316
433463
433265
433369
433216
433314
433178
433236
433134
432841
432915
433151
433080
433051
432720
432787
432917
432993
432748
432839
432946
432696
432799
432894
432748
432843
432793
